0 0
1 5
2 9
3 1
4 5
5 6
6 4
7 0
8 3
9 0
10 3
11 2
12 4
14 5
15 2
16 7
17 1
18 5
19 0
20 6
21 8
22 5
23 2
24 0
25 8
26 3
27 5
28 2
29 9
30 6
31 3
32 1
33 3
34 6
35 6
36 6
37 4
38 5
39 8
40 4
42 2
43 3
44 6
45 2
46 2
47 7
48 3
49 5
50 0
51 7
52 5
53 5
54 7
55 0
56 7
57 2
58 2
59 4
60 1
61 4
62 6
63 4
64 0
65 1
66 3
67 0
68 6
69 5
70 5
71 5
72 1
73 3
74 0
75 8
76 3
77 6
78 9
79 5
80 5
81 3
82 2
83 0
84 0
85 1
87 5
88 5
89 6
90 1
92 5
93 2
94 1
95 0
96 7
97 2
98 3
99 1
100 8
101 7
102 1
103 2
104 2
105 5
106 8
107 7
109 1
110 4
111 5
112 1
113 9
114 9
115 4
116 7
117 8
118 4
119 1
120 6
121 1
122 2
123 6
124 2
125 2
126 6
127 5
128 5
129 2
130 3
131 6
132 3
133 8
134 8
135 2
136 1
137 3
138 5
139 5
140 5
141 9
142 8
143 6
145 6
146 1
147 3
148 4
149 5
150 4
151 1
152 6
153 7
154 7
155 8
156 1
157 2
158 5
159 3
160 2
161 1
162 5
163 6
164 2
165 2
166 4
167 8
168 8
169 1
170 0
171 1
172 0
173 2
174 9
176 5
177 1
178 0
179 5
180 8
181 1
182 3
183 5
184 6
185 8
186 9
187 8
188 0
190 5
191 8
192 0
193 1
194 3
195 7
196 5
197 3
198 7
199 8
200 2
201 1
202 6
203 5
205 8
206 6
207 1
208 6
209 6
210 7
211 8
212 5
213 0
214 8
215 7
216 0
217 5
218 8
219 5
220 3
221 3
222 8
223 5
224 5
225 7
226 4
227 7
228 4
229 2
230 6
231 9
232 0
233 1
234 6
235 5
236 6
237 8
238 9
239 2
240 3
241 3
242 1
243 4
244 1
245 2
246 1
248 6
249 5
250 5
251 2
252 1
253 6
254 5
255 5
256 5
257 1
258 5
259 8
260 9
261 5
262 9
263 3
264 3
265 4
266 5
267 7
269 2
270 2
271 6
272 3
273 3
274 5
276 2
277 2
278 4
279 0
280 1
281 5
282 5
283 5
284 5
285 3
286 5
287 4
288 5
289 5
290 2
291 4
292 5
293 6
294 1
295 0
296 6
297 6
298 0
299 4
300 4
301 0
304 1
305 0
307 0
308 5
309 9
310 0
311 2
312 1
313 4
314 3
315 2
316 8
317 3
318 4
319 2
320 7
321 5
322 9
323 4
324 2
325 1
327 3
328 5
330 0
331 3
332 3
333 3
334 2
335 3
336 9
337 9
338 0
339 5
340 0
341 8
342 6
343 2
344 2
345 2
346 4
347 1
348 1
349 0
350 8
351 8
352 2
353 5
354 1
355 6
356 5
357 0
358 5
359 5
360 4
361 5
362 3
363 9
364 3
365 1
366 4
367 8
368 7
369 4
370 5
371 6
372 0
373 9
374 6
375 1
377 7
380 9
382 3
383 6
384 7
385 5
386 2
387 9
389 2
390 9
391 1
392 7
393 4
394 5
395 2
396 0
397 2
398 1
399 2
400 6
401 4
402 8
403 8
404 9
405 2
406 9
407 2
408 0
409 3
410 0
411 9
412 3
413 6
414 5
415 2
416 2
417 5
418 1
419 5
420 5
421 3
422 5
423 8
424 5
425 8
426 5
427 7
428 1
429 1
430 4
431 4
432 0
433 2
434 8
435 7
436 0
437 7
439 9
440 1
441 0
442 5
443 0
444 5
445 5
446 1
447 0
448 4
449 9
450 7
451 2
452 8
453 8
454 5
455 6
456 7
457 1
458 7
459 2
460 2
461 5
462 8
463 3
464 5
465 5
466 5
467 0
468 0
469 8
470 0
471 0
472 2
473 2
474 1
475 8
476 1
477 5
478 5
479 6
480 6
481 5
482 5
483 0
484 0
485 8
486 5
487 1
488 5
489 5
490 4
491 0
492 5
493 8
494 8
495 4
496 6
497 9
498 5
499 1
500 8
501 9
502 5
503 1
504 2
505 9
506 5
507 5
508 4
509 5
511 8
512 6
513 4
515 0
516 1
517 5
518 6
519 7
520 2
521 1
522 0
523 0
524 8
525 1
526 4
527 1
528 0
529 2
531 1
532 4
533 9
534 1
535 0
536 5
537 8
538 5
539 2
540 6
541 2
542 1
543 4
544 7
545 5
546 9
547 1
548 5
549 4
550 5
551 6
552 6
553 3
554 2
555 9
556 6
557 5
558 5
559 1
560 5
561 5
562 2
563 0
564 7
565 6
566 0
567 1
568 5
569 8
570 0
571 2
572 1
573 5
575 7
576 5
577 1
578 6
579 5
580 4
581 3
582 1
583 5
584 7
585 2
586 7
587 2
588 2
589 7
590 5
591 6
592 8
593 2
594 5
595 0
597 5
598 2
599 0
600 5
601 3
602 4
603 5
606 9
607 9
608 4
609 5
610 5
611 0
613 8
614 9
615 5
616 2
620 4
621 9
622 3
624 4
626 3
627 4
628 7
630 2
631 5
632 1
633 2
634 3
635 6
636 5
637 7
638 2
639 0
640 9
641 5
642 3
643 8
644 3
645 2
646 1
648 5
649 1
650 4
651 5
652 1
653 2
655 5
657 7
658 8
659 0
660 0
661 9
662 2
663 0
664 5
665 0
666 0
667 1
668 5
669 6
670 0
671 3
672 7
673 3
674 6
675 1
676 2
677 5
678 6
679 8
681 3
682 8
685 9
687 6
688 1
689 8
690 0
691 7
693 5
694 0
695 2
696 9
697 5
698 4
699 8
700 8
701 9
702 8
703 5
704 1
705 2
706 5
707 1
708 7
709 2
710 5
711 1
712 8
713 9
714 1
715 9
716 8
717 2
718 5
719 2
720 8
721 3
722 6
723 0
724 8
725 3
726 3
727 8
728 2
729 1
731 5
732 2
733 2
734 4
735 3
736 0
737 9
738 0
740 6
741 8
742 5
743 2
744 9
745 6
746 5
747 3
748 2
749 3
750 8
751 5
752 0
753 5
754 3
755 5
756 0
757 3
759 5
760 1
761 5
762 5
763 6
764 6
765 7
766 5
767 8
768 2
769 6
770 2
771 5
772 8
773 6
774 2
775 8
776 2
777 5
778 4
779 6
780 1
781 6
782 9
783 1
784 0
785 9
786 2
787 2
788 1
789 8
790 1
791 2
792 1
794 2
795 1
796 4
797 1
798 4
799 2
801 4
802 8
803 2
804 3
805 4
806 8
807 2
808 1
809 5
810 2
811 3
812 5
813 0
815 3
816 9
817 8
820 3
822 4
823 3
824 1
825 0
827 6
828 5
829 2
830 5
831 5
832 7
833 3
834 4
835 1
836 2
837 0
838 5
839 2
841 5
842 1
843 3
844 6
845 5
846 6
847 7
848 3
849 1
850 3
851 3
853 8
854 3
855 2
856 6
857 3
858 8
860 8
861 5
862 1
863 4
866 2
867 6
868 0
869 3
870 9
871 6
872 0
873 2
874 6
875 5
876 0
877 2
878 8
879 4
880 1
881 2
882 0
883 5
884 1
885 4
886 1
887 1
888 8
890 5
891 2
892 5
893 5
894 3
895 3
896 0
897 9
898 6
899 1
901 3
902 8
903 4
904 2
905 5
906 0
907 3
908 5
909 0
910 6
911 1
913 0
914 4
915 9
916 4
917 3
919 8
920 1
921 8
922 2
923 2
924 5
925 7
926 0
927 0
928 0
930 5
931 2
932 8
933 4
934 5
936 8
937 7
938 4
939 1
940 2
941 1
942 2
943 4
944 3
945 3
946 1
947 3
948 7
950 2
951 8
952 0
953 2
954 2
955 5
956 5
957 2
958 2
959 5
960 4
961 1
962 5
963 5
964 5
965 6
966 3
967 1
968 0
969 0
970 7
971 4
972 0
973 8
974 2
975 6
976 0
977 8
978 8
979 7
980 5
981 5
982 2
984 5
985 5
986 5
987 4
988 3
989 2
990 6
991 5
992 4
993 0
994 0
995 5
996 5
997 0
998 0
999 2
1000 2
1001 5
1002 6
1003 3
1004 3
1005 5
1006 0
1007 8
1008 7
1009 2
1010 6
1011 5
1012 5
1013 2
1014 3
1016 5
1017 1
1018 4
1019 9
1020 7
1021 1
1022 0
1023 3
1024 0
1025 0
1026 8
1027 5
1028 0
1029 1
1031 5
1032 6
1033 5
1034 2
1036 1
1038 9
1039 9
1040 1
1041 0
1042 2
1043 6
1044 5
1047 5
1048 8
1049 5
1051 6
1052 0
1053 8
1054 2
1055 5
1056 0
1057 8
1058 2
1059 1
1061 1
1062 2
1063 5
1065 5
1066 3
1067 7
1068 2
1069 2
1070 8
1071 5
1072 3
1073 5
1074 7
1075 6
1077 0
1078 7
1079 8
1080 5
1081 5
1082 4
1083 5
1084 8
1085 9
1086 2
1087 2
1090 8
1091 0
1092 8
1093 0
1094 2
1095 6
1096 1
1097 5
1098 8
1099 3
1100 0
1101 6
1102 4
1103 8
1104 3
1105 2
1106 5
1108 4
1109 8
1110 2
1111 5
1112 0
1113 2
1114 4
1116 3
1117 6
1118 9
1119 9
1120 8
1122 5
1123 0
1124 8
1126 4
1127 1
1128 1
1129 2
1130 0
1131 5
1132 7
1133 3
1134 1
1136 0
1137 2
1138 0
1139 9
1140 7
1141 9
1142 3
1143 5
1144 5
1145 7
1149 6
1150 7
1151 7
1152 6
1153 5
1154 0
1155 7
1156 2
1157 1
1158 5
1160 9
1161 8
1162 2
1163 2
1164 3
1166 8
1167 5
1169 4
1170 4
1171 8
1172 4
1173 2
1174 8
1175 5
1176 6
1177 7
1178 5
1179 8
1180 4
1182 8
1183 6
1184 1
1185 8
1186 4
1187 2
1188 8
1189 1
1190 2
1191 2
1192 6
1193 0
1194 4
1195 5
1196 5
1197 2
1198 6
1199 6
1201 5
1202 2
1203 5
1204 5
1205 1
1206 2
1207 0
1208 1
1209 0
1210 5
1211 0
1212 6
1214 5
1215 9
1216 0
1217 9
1218 5
1219 4
1220 0
1221 0
1223 1
1224 7
1225 8
1226 8
1227 4
1228 4
1229 8
1230 3
1231 2
1233 0
1234 3
1235 2
1236 7
1237 3
1238 6
1239 5
1240 2
1241 3
1242 5
1243 0
1244 2
1245 8
1246 0
1247 0
1248 2
1249 9
1251 5
1252 9
1253 8
1254 1
1255 0
1256 0
1257 9
1258 1
1259 3
1260 1
1261 9
1262 7
1263 7
1265 5
1266 4
1267 8
1268 8
1269 8
1270 0
1271 5
1273 5
1274 3
1275 7
1276 5
1277 5
1278 8
1279 1
1280 8
1282 6
1283 6
1284 5
1285 0
1286 5
1287 5
1288 8
1289 0
1290 2
1291 2
1292 0
1293 2
1294 0
1295 0
1296 5
1297 5
1298 8
1299 2
1300 5
1301 2
1303 4
1304 1
1305 4
1306 4
1307 3
1308 1
1309 1
1310 4
1312 1
1313 8
1314 1
1315 6
1316 1
1317 0
1319 5
1320 0
1321 2
1322 8
1323 8
1324 1
1325 1
1326 7
1327 4
1328 2
1329 5
1330 5
1331 5
1332 8
1333 3
1334 8
1335 9
1336 7
1337 7
1338 8
1339 8
1340 2
1341 4
1342 8
1343 0
1344 0
1345 5
1346 0
1347 4
1348 5
1349 2
1350 0
1351 2
1352 6
1353 9
1354 3
1355 2
1356 2
1357 9
1358 0
1359 0
1360 7
1361 2
1362 4
1363 2
1364 8
1366 6
1367 5
1368 2
1369 3
1370 2
1371 9
1372 5
1373 0
1374 7
1375 8
1376 1
1377 1
1378 1
1379 2
1380 2
1381 1
1382 3
1385 5
1386 3
1388 7
1389 2
1390 1
1391 0
1392 9
1393 2
1394 2
1395 5
1396 5
1397 1
1398 4
1399 5
1400 0
1401 2
1402 2
1403 6
1404 8
1405 2
1406 3
1407 5
1408 8
1409 7
1410 0
1411 3
1412 7
1413 3
1414 2
1415 5
1416 4
1417 3
1418 5
1419 2
1420 6
1421 8
1422 3
1423 1
1424 2
1425 2
1426 8
1427 0
1428 1
1429 0
1430 8
1432 5
1433 0
1434 9
1435 8
1436 7
1437 2
1438 3
1439 0
1440 4
1441 5
1442 9
1443 0
1444 6
1445 0
1446 0
1447 0
